87.374971  
48.220882  
39.481991  
31.116294  
8.290366  
6.865299  
10.276861  
26.966099  
19.113760  
7.365924  
3.207590  
2.462412  
1.879419  
1.737138  
0.690095  
1.103214  
3.717312  
6.171357  
0.952177  
2.176485  
0.577470  
0.591572  
0.521281  
0.646900  
3.618596  
3.596120  
1.599525  
8.211482  
6.360393  
6.864912  
13.288424  
23.273220  
8.532953  
4.294417  
8.488680  
2.409790  
0.883566  
0.994577  
1.269189  
0.864714  
0.461072  
3.597365  
0.959419  
0.575229  
0.834353  
1.343066  
1.318271  
2.868449  
0.516733  
1.785313  
0.193347  
0.162704  
0.218504  
0.216746  
0.289718  
0.361042  
0.426629  
1.072845  
0.671040  
0.373833  
0.425009  
0.702783  
1.076762  
0.669443  
0.906516  
1.886040  
1.076839  
0.644840  
2.639084  
1.571344  
0.846673  
0.820710  
0.582085  
0.515834  
0.516421  
0.370774  
0.720942  
1.098716  
1.759596  
1.201482  
1.320292  
1.121047  
0.785750  
3.328959  
2.077460  
3.455022  
5.757353  
3.831111  
0.836706  
0.378655  
0.211862  
0.264035  
0.248772  
0.353343  
0.225198  
0.273975  
0.295795  
0.298669  
0.282874  
0.329022  
0.285012  
0.303596  
0.319115  
0.481865  
0.522114  
0.935074  
2.801559  
0.594329  
0.411704  
0.836847  
0.243064  
0.371313  
0.181575  
0.198558  
0.202070  
0.232684  
0.447650  
0.563572  
0.489361  
0.531864  
0.387194  
0.475126  
0.361011  
0.239295  
0.305602  
0.236750  
0.239394  
0.254924  
0.280085  
0.305232  
0.297780  
0.389873  
0.389982  
0.338253  
0.378740  
0.881271  
0.343347  
0.735662  
0.592057  
0.484190  
0.889910  
0.295787  
0.230235  
0.228911  
0.279817  
0.330245  
0.325606  
0.562505  
1.013563  
0.803124  
3.631788  
7.467975  
3.820170  
2.269065  
1.849978  
1.579197  
0.696841  
1.655541  
1.160551  
3.221687  
1.070956  
1.201053  
1.361968  
1.434209  
0.706924  
0.847175  
0.529665  
0.450801  
0.694603  
0.850297  
1.676132  
0.421657  
0.645421  
1.648679  
6.336108  
3.221148  
0.991447  
2.365287  
1.738649  
1.312985  
0.787537  
0.923924  
0.477272  
0.441752  
0.724248  
1.395396  
0.683014  
2.426054  
0.977411  
0.833093  
0.467428  
0.496266  
0.395793  
0.414557  
0.574156  
0.829670  
0.913807  
1.337730  
2.755014  
0.898880  
0.760263  
0.952528  
1.242268  
0.667748  
0.710014  
1.194296  
1.017870  
0.677343  
1.212932  
2.299528  
1.313978  
1.228975  
1.032356  
2.067515  
0.722578  
0.771282  
1.183051  
0.795485  
0.947399  
1.101444  
1.193361  
1.051977  
2.178465  
1.648820  
2.192232  
1.130985  
1.466147  
1.018842  
1.215991  
1.257596  
2.057293  
1.656859  
1.986589  
2.349860  
0.884367  
0.766480  
0.611995  
0.626573  
0.548302  
0.577084  
0.722387  
0.805920  
0.958467  
0.883650  
0.970370  
1.048712  
0.889809  
1.118392  
2.786205  
1.716109  
4.864536  
0.896183  
0.611868  
0.349107  
0.301923  
0.241744  
0.237622  
0.323713  
0.221108  
1.014219  
0.830251  
0.676943  
0.922506  
0.403489  
0.409009  
0.557425  
1.131581  
3.545379  
2.736807  
4.651982  
4.065907  
4.167013  
1.469280  
0.365658  
0.436295  
0.470812  
0.517738  
0.827135  
0.948708  
0.670115  
0.457884  
0.394365  
0.587057  
0.530474  
0.549829  
0.431511  
0.252580  
0.236982  
2.552564  
0.375655  
0.476049  
0.542207  
0.890879  
0.768818  
1.251466  
0.906992  
3.150172  
3.423429  
4.366005  
2.528751  
5.039983  
1.437758  
0.784944  
0.482944  
0.208306  
0.198776  
0.223766  
0.350746  
0.404352  
0.830163  
0.453733  
0.582256  
1.670712  
1.077584  
0.483188  
0.807609  
0.610634  
0.704941  
0.277730  
0.239259  
0.466006  
0.379987  
0.171355  
0.260869  
0.510615  
0.249895  
0.219480  
0.309675  
0.383873  
0.454813  
0.697345  
4.252358  
2.259004  
1.374592  
1.721792  
0.985368  
0.947150  
0.826775  
0.451984  
0.557732  
0.400178  
0.402020  
0.731920  
1.091611  
0.693961  
0.592218  
1.914591  
0.759675  
1.253031  
2.786227  
1.350736  
1.733081  
1.507436  
0.920878  
1.498532  
0.452944  
1.184775  
0.671203  
4.232442  
0.980258  
1.224343  
1.020866  
1.050375  
0.732789  
0.609677  
0.313427  
0.516140  
1.002454  
0.730505  
0.578054  
5.594441  
1.778328  
1.427853  
1.734921  
0.768578  
0.405915  
0.222774  
0.291639  
0.474823  
0.371720  
0.444314  
0.889653  
0.940113  
0.834635  
1.377222  
1.534982  
1.690245  
1.493083  
1.558484  
1.402230  
2.592358  
2.909293  
2.255838  
4.220259  
1.852175  
2.501339  
3.640266  
3.608518  
3.514211  
4.765781  
7.713344  
4.366196  
2.911237  
4.274582  
3.968808  
5.400540  
8.970068  
12.279239  
9.297881  
9.030899  
7.548379  
5.454060  
7.143732  
5.043426  
7.299041  
5.033582  
5.208612  
6.249834  
7.052861  
8.151223  
9.416147  
5.720499  
5.987192  
3.696714  
4.167963  
2.029918  
2.040362  
1.085264  
2.202823  
0.513648  
0.626090  
0.416225  
1.204469  
4.128244  
4.210305  
4.419845  
5.157650  
3.565993  
2.557561  
3.250547  
4.498723  
2.497790  
2.102270  
3.694342  
3.906815  
2.079134  
2.992686  
3.869713  
3.402194  
4.711755  
2.501406  
