9.383770   9.383770   9.537922   
7.127721   7.014703   7.343460   
6.412081   6.150479   6.407028   
5.785274   4.546798   4.932138   
3.039010   3.039010   2.913225   
3.525456   2.453279   2.117608   
3.471719   3.113836   3.586354   
5.396358   4.201096   4.437332   
4.759558   3.444802   3.453321   
3.436419   3.446369   2.777844   
1.924660   1.836334   1.875134   
1.852902   1.539561   1.564530   
1.634120   1.281382   1.347003   
1.673467   1.081734   1.138832   
0.940724   0.805295   0.795622   
1.174138   1.113360   1.021843   
2.455107   1.188517   1.302136   
2.808455   1.547819   1.767004   
1.366913   1.105252   0.914406   
2.161584   0.994184   1.245931   
0.998651   0.864466   0.735794   
0.819683   0.731532   0.782071   
0.858632   0.788110   0.738321   
1.082554   0.753523   0.815337   
2.030137   1.501791   1.505498   
2.117697   1.710947   1.756203   
1.799769   1.921146   1.737267   
3.131070   2.383564   2.863175   
2.861125   2.861125   2.069768   
3.134885   3.184527   2.722665   
3.745484   3.745484   3.151646   
5.064701   3.719150   3.976547   
3.180805   2.704371   3.040983   
2.373208   1.741433   1.630010   
3.287217   1.714993   1.998440   
1.726207   1.380944   1.454080   
1.138967   0.969573   0.960089   
1.045340   0.977187   0.961861   
1.158973   1.035230   1.095687   
0.998470   0.839014   0.889486   
0.733582   0.691431   0.659956   
2.503566   0.807858   0.832261   
1.252240   0.833805   0.811152   
0.788369   0.799805   0.754049   
1.022060   0.903266   0.881812   
1.340789   0.984797   0.980580   
1.647782   0.926175   0.900510   
2.387930   0.933696   0.967418   
0.784375   0.745672   0.714518   
1.970320   0.563703   0.594421   
0.495572   0.459147   0.429772   
0.459450   0.423283   0.403168   
0.621997   0.448440   0.427696   
0.519212   0.505110   0.472027   
0.574145   0.541832   0.566849   
0.675652   0.631742   0.590501   
0.957864   0.629133   0.639342   
1.441781   0.710592   0.709563   
1.032065   0.768710   0.783649   
0.662294   0.652338   0.629905   
0.682290   0.691543   0.636820   
0.865307   0.855400   0.828670   
1.312007   0.901915   0.879514   
1.087351   0.847928   0.844542   
1.304030   0.936221   0.888706   
1.639302   1.081213   1.089191   
1.063180   1.058979   1.044047   
0.879732   0.885843   0.828256   
2.073433   1.126104   1.130479   
1.288333   1.288333   1.287196   
1.015756   0.986128   0.934178   
0.950106   0.910371   0.926868   
0.942577   0.746313   0.679867   
0.886554   0.613286   0.642998   
0.860603   0.650830   0.617170   
0.681900   0.660902   0.623666   
1.005509   0.818545   0.831492   
1.120670   1.095017   1.053220   
1.367189   1.334727   1.312563   
1.289278   1.094430   1.155815   
1.503588   1.104974   1.133673   
1.175677   1.021572   1.019215   
1.084624   1.082657   0.930643   
2.055323   1.344492   1.372462   
1.556241   1.543743   1.422220   
1.892789   1.892789   1.884162   
3.118849   1.569620   1.617955   
2.219254   1.626691   1.652718   
1.123237   0.934116   0.904315   
0.670194   0.612414   0.612213   
0.743289   0.477044   0.459773   
0.626886   0.507235   0.485814   
0.669286   0.518272   0.510784   
0.609136   0.500167   0.506180   
0.533299   0.498435   0.484737   
0.551524   0.533919   0.531172   
0.578641   0.538193   0.541551   
0.636531   0.529315   0.523069   
0.660517   0.551288   0.539018   
0.615857   0.561896   0.558089   
0.626667   0.558774   0.547364   
0.614334   0.564238   0.536253   
0.693750   0.621208   0.576407   
0.737472   0.736002   0.703130   
0.785086   0.753038   0.717009   
1.029122   0.994945   0.922702   
2.204002   1.034762   1.070734   
0.850500   0.761005   0.758949   
0.704650   0.652057   0.664416   
1.285776   0.742008   0.700674   
0.573440   0.570706   0.522016   
0.758169   0.493719   0.513145   
0.526993   0.410728   0.395117   
0.544839   0.453787   0.403439   
0.528036   0.470419   0.420326   
0.567600   0.473544   0.451191   
0.717073   0.623662   0.632908   
0.963748   0.697465   0.700061   
0.734033   0.738629   0.691630   
1.331360   0.644946   0.639013   
0.707356   0.563223   0.569456   
0.953668   0.591939   0.586071   
0.649874   0.555191   0.570236   
0.540503   0.502492   0.505846   
0.609760   0.505524   0.497955   
0.515142   0.503808   0.487264   
0.524167   0.502512   0.489430   
0.526907   0.520183   0.507635   
0.551414   0.541702   0.539018   
0.696959   0.556744   0.545649   
0.560667   0.560667   0.555134   
0.752160   0.560768   0.556778   
0.822484   0.568893   0.559734   
0.643962   0.603940   0.598911   
0.646320   0.612384   0.607181   
1.195602   0.604122   0.610429   
0.628556   0.596808   0.579905   
1.188782   0.656913   0.637595   
0.946413   0.721142   0.707237   
0.724874   0.724874   0.713351   
1.403379   0.677340   0.649288   
0.587553   0.563901   0.559897   
0.530095   0.496257   0.500163   
0.520446   0.506124   0.458738   
0.640448   0.494791   0.476767   
0.667045   0.599850   0.532593   
0.718590   0.670892   0.558388   
1.071488   0.675424   0.795823   
1.153060   0.996567   1.099273   
1.081105   1.120638   0.839979   
1.984312   1.851270   2.084236   
2.798375   2.480245   2.465652   
1.995758   1.995758   2.046772   
1.612552   1.562860   1.574867   
1.485561   1.288442   1.324504   
1.360514   1.161464   1.232841   
0.901370   0.853297   0.829304   
1.742422   1.220689   1.149196   
1.145720   1.107770   1.168845   
2.278691   1.086409   1.139938   
1.173687   0.983359   0.910978   
1.328763   1.096641   1.071526   
1.277993   1.184681   1.219387   
1.256517   1.119942   1.168114   
0.898069   0.907808   0.870478   
1.227174   0.752321   0.786473   
1.055542   0.742548   0.694764   
0.753528   0.634916   0.659174   
1.191806   0.731387   0.630929   
1.249465   0.738719   0.788124   
1.678305   0.730258   0.781524   
0.702946   0.740422   0.659802   
0.866120   0.912254   0.814625   
1.782078   1.405385   1.433467   
3.207443   1.662329   1.570488   
1.932041   1.776105   1.615900   
1.101498   1.296776   1.262204   
1.794958   1.416590   1.426896   
1.379987   1.288932   1.295489   
1.175714   1.175714   1.215989   
0.965538   0.885672   0.878741   
1.158116   0.841968   0.873682   
0.766828   0.732758   0.748768   
0.719215   0.693341   0.656346   
0.955523   0.843564   0.809375   
1.553302   1.053732   0.924153   
0.906439   0.940217   0.871602   
1.965055   1.276262   1.181848   
1.016424   1.016424   0.989328   
1.041816   0.814741   0.841051   
0.714269   0.727652   0.690350   
0.752097   0.678073   0.689678   
0.676950   0.628330   0.602402   
0.709299   0.664729   0.622549   
0.852954   0.718836   0.715817   
0.969793   0.903152   0.889407   
0.990795   0.948323   0.963603   
1.268604   1.055950   1.061747   
2.082369   1.086201   1.089423   
0.970909   0.961972   0.975348   
0.886713   0.886713   0.894596   
1.226973   0.881149   0.875915   
1.408724   0.875846   0.869450   
0.914196   0.845936   0.843916   
0.858886   0.854751   0.839925   
1.369400   0.928223   0.929202   
1.066090   0.932231   0.926706   
0.862886   0.882403   0.855836   
1.491614   0.987343   0.962720   
1.879186   1.089436   1.066052   
1.264672   1.123652   1.077076   
1.138710   1.138710   1.127720   
1.179989   0.975005   0.952076   
1.941356   0.927780   0.918670   
1.156604   0.902452   0.894451   
0.928641   0.835300   0.848063   
1.284683   0.871477   0.816791   
0.925370   0.887950   0.886320   
1.003991   0.955876   0.928442   
1.096191   1.166576   1.101933   
1.683976   1.119672   1.099925   
1.089924   1.117670   1.055687   
1.761160   1.074431   1.024791   
1.519882   1.332317   1.311194   
1.587931   1.398062   1.450012   
1.227414   1.087053   1.079651   
1.320904   1.001754   1.033337   
1.045149   1.012264   1.007259   
1.182727   1.061195   1.059304   
1.152381   1.115475   1.103991   
1.780306   1.257574   1.236569   
1.397791   1.263788   1.271120   
1.569276   1.360578   1.354898   
1.950192   1.618078   1.448937   
0.993287   0.998248   0.997667   
0.917958   0.857948   0.863565   
0.854437   0.824616   0.781355   
0.883318   0.776781   0.786506   
0.805220   0.806417   0.723647   
0.782272   0.758563   0.783890   
0.873284   0.824451   0.815018   
1.064184   0.895518   0.864855   
1.013165   0.960605   0.956911   
0.968682   0.964067   0.942407   
1.043261   1.105121   1.012668   
1.183973   0.969353   1.064384   
0.980186   0.980186   0.921779   
1.144153   1.129006   1.032468   
1.978209   1.349644   1.299782   
1.545974   1.342238   1.407467   
2.777017   1.347770   1.333183   
0.995018   0.992876   0.973410   
0.807025   0.807025   0.821583   
0.641082   0.648782   0.628207   
0.598244   0.547909   0.548327   
0.546267   0.514631   0.478125   
0.528657   0.488171   0.500516   
0.636693   0.559846   0.563879   
0.547631   0.571015   0.539526   
1.730861   0.803505   0.704045   
1.055768   0.835515   0.921514   
1.021888   0.898500   0.756566   
1.179358   0.879597   1.052666   
0.717391   0.622254   0.599551   
0.924611   0.617943   0.605507   
0.809665   0.824204   0.739090   
1.181364   1.171073   1.108502   
1.936810   1.826974   1.727652   
2.195687   1.911212   1.831992   
2.179016   2.179016   2.225471   
2.075226   1.952139   2.082097   
2.346125   1.586583   1.611046   
1.360845   0.996541   1.017063   
0.666945   0.691203   0.631617   
0.764560   0.609792   0.614159   
0.788542   0.716609   0.662664   
0.773182   0.746189   0.715567   
0.949547   0.949547   0.920717   
1.034728   0.956838   0.907914   
1.188240   0.779625   0.830516   
0.743146   0.723918   0.645073   
0.684241   0.667836   0.674491   
0.795510   0.705606   0.744139   
0.761918   0.710563   0.704624   
0.765125   0.736047   0.750466   
0.683068   0.645909   0.675859   
0.532391   0.527116   0.522114   
0.532964   0.522592   0.485538   
2.150571   0.693717   0.674623   
0.686247   0.700767   0.674405   
0.789057   0.701401   0.657822   
0.762709   0.762709   0.716891   
1.085387   0.920069   0.861668   
0.935566   0.929347   0.941190   
1.134211   1.134211   1.158428   
1.336602   1.155837   1.103920   
1.883393   1.484009   1.519456   
1.898828   1.868110   1.810535   
2.115059   2.040586   2.148549   
1.738821   1.683918   1.588001   
2.606883   1.560696   1.614376   
1.397025   1.163448   1.233673   
1.177030   0.852574   0.849417   
0.870466   0.653527   0.680434   
0.519904   0.519944   0.502846   
0.518559   0.476478   0.444083   
0.556833   0.486720   0.470278   
0.797085   0.565758   0.559959   
0.677540   0.677540   0.732008   
1.317879   0.725151   0.736864   
0.735865   0.706127   0.656753   
1.028413   0.666063   0.684236   
1.739359   0.800609   0.746681   
1.292070   0.818035   0.772631   
0.816753   0.707566   0.722106   
1.299944   0.780025   0.750889   
0.897707   0.693212   0.732610   
1.365698   0.630097   0.607525   
0.556916   0.550772   0.557515   
0.588743   0.532479   0.495777   
0.869969   0.637234   0.627843   
0.670420   0.581670   0.606294   
0.831882   0.482833   0.456656   
0.532904   0.522306   0.509828   
0.977461   0.534831   0.548219   
0.570905   0.523520   0.503904   
0.518506   0.517891   0.493685   
0.600995   0.578291   0.555425   
0.662529   0.634131   0.609048   
0.709979   0.723622   0.688526   
0.899835   0.891312   0.829923   
2.340796   1.328271   1.261332   
1.711605   1.322349   1.366348   
1.227365   1.181698   1.168608   
1.500341   1.184878   1.220649   
1.023521   1.023521   1.031616   
1.116070   0.917833   0.928576   
1.054416   0.831381   0.878351   
0.730377   0.688649   0.678041   
0.817740   0.668414   0.704036   
0.785377   0.648992   0.633255   
0.716910   0.669130   0.623520   
0.887930   0.887930   0.882928   
1.108633   1.079454   1.064594   
0.970452   0.915958   0.981725   
0.894148   0.885561   0.801699   
1.855460   1.127082   1.175094   
1.016332   1.030029   0.961383   
1.206302   1.151290   1.107231   
1.978935   1.304726   1.351372   
1.207986   1.200268   1.175370   
1.443613   1.116864   1.195594   
1.412588   1.150153   1.124431   
0.984697   0.984697   1.005574   
1.581716   0.853197   0.831060   
0.742726   0.723519   0.699345   
1.568924   0.833341   0.789445   
0.914427   0.905847   0.847447   
2.600718   1.037255   1.109023   
1.030892   1.030892   1.093943   
1.351253   0.961959   0.989710   
1.146649   0.843936   0.874479   
1.309010   0.766357   0.763245   
1.082472   0.754061   0.745159   
0.817445   0.740710   0.759408   
0.637410   0.643681   0.626241   
0.949528   0.757646   0.718178   
1.177897   0.891317   0.879525   
0.897252   0.871885   0.865084   
0.944631   0.968480   0.869058   
3.445978   1.322374   1.203211   
1.689742   1.235929   1.236096   
1.206595   1.206595   1.185608   
1.618251   1.110832   1.144064   
0.965944   0.839661   0.866525   
0.684517   0.628538   0.627551   
0.520528   0.503407   0.485025   
0.611272   0.535446   0.492826   
0.732490   0.651216   0.637216   
0.642710   0.647288   0.626647   
0.752807   0.679572   0.636197   
1.107762   0.901693   0.858626   
0.996335   0.970464   0.968474   
0.937966   0.960941   0.904247   
1.261675   1.075790   1.024902   
1.256641   1.261060   1.222988   
1.317064   1.317064   1.301310   
1.278677   1.203603   1.261563   
1.309694   1.247141   1.221060   
1.233334   1.232391   1.171560   
1.981071   1.456712   1.452913   
1.995037   1.532373   1.499730   
1.548555   1.627571   1.578707   
2.189882   1.834545   1.881779   
1.395486   1.591966   1.594459   
1.618620   1.643086   1.580815   
1.943324   1.904984   1.881191   
1.929397   1.917812   1.925331   
1.886987   1.886987   1.781511   
2.400377   1.970273   2.010189   
3.193276   2.232196   2.302736   
2.303781   1.952241   1.976564   
1.746156   1.753584   1.722580   
2.092739   1.940005   1.960764   
2.053284   2.051589   1.961956   
2.415316   2.297915   2.302307   
3.209581   2.772899   2.698180   
3.648393   3.199540   3.216041   
3.180065   3.085250   3.062157   
3.135608   2.873975   3.005552   
2.870439   2.640682   2.585616   
2.356935   2.377246   2.393424   
2.790938   2.472192   2.457012   
2.421660   2.388347   2.390006   
2.839898   2.341670   2.385687   
2.265291   2.253277   2.211309   
2.809094   2.211194   2.138325   
2.723640   2.490748   2.423128   
2.675648   2.675648   2.650848   
3.107970   2.564987   2.622702   
3.230026   2.639474   2.616089   
2.444777   2.397966   2.428481   
2.530401   2.235144   2.296901   
1.967578   1.978133   1.960106   
2.101496   1.759597   1.795888   
1.461084   1.462290   1.449008   
1.593217   1.352065   1.395094   
1.127766   1.045333   1.019371   
1.843798   1.060272   1.144848   
0.759305   0.818703   0.760223   
0.817533   0.823910   0.793449   
0.737297   0.916558   0.818723   
1.185118   1.280416   1.102364   
2.364558   1.853649   1.793527   
2.086301   2.080178   2.041066   
2.219182   2.034793   2.094370   
2.299075   2.143694   2.211023   
2.139319   1.955673   1.995345   
1.619607   1.628474   1.613004   
1.833017   1.739033   1.716040   
2.327786   1.879356   1.919663   
1.807701   1.695711   1.718864   
1.508598   1.582473   1.522009   
1.988786   1.811155   1.814009   
2.120975   1.780890   1.821216   
1.476549   1.611230   1.572031   
1.742304   1.745371   1.697923   
2.027145   1.956639   1.941389   
1.863562   1.863562   1.819192   
2.412375   1.939477   1.930733   
1.743320   1.684373   1.688817   
